src/cloudflare/internal/images-api.ts
  s_66767b9e401d0e::t_8cbce559c86512 16-36,105,110,112,152-160,215,219-228,247,274-282,408-411
src/cloudflare/internal/images.d.ts
  s_66767b9e401d0e::t_9cb083f66f4e07 5-16,26-49,268-274
src/cloudflare/internal/test/images/images-api-instrumentation-test.js
  s_66767b9e401d0e::t_3a201186fc44cf 42,61,80,100,120,140,160,180,200,220,239,258,277,296,315,331-396,483-506,509,528-586,607,629,649
src/cloudflare/internal/test/images/images-api-test.js
  s_66767b9e401d0e::t_2a42046bb9f009 690-907
src/cloudflare/internal/test/images/images-upstream-mock.js
  s_66767b9e401d0e::t_ccc2281b5ab74c 210-214,223-231
types/defines/images.d.ts
  s_66767b9e401d0e::t_1f141dd0991dbc 14-37,155-157,256-262
types/generated-snapshot/experimental/index.d.ts
  s_66767b9e401d0e::t_6aa21eb861eb83 14667-14687,14886-14892
types/generated-snapshot/experimental/index.ts
  s_66767b9e401d0e::t_327f5d928b8517 14684-14704,14903-14909
types/generated-snapshot/index.d.ts
  s_66767b9e401d0e::t_f86b2e5ec1822e 19,26,32,38,88,96,102,108,114,120,126,132,138,144,150,168,174,180,193,221-227,413,821-822,843,850,856,862,899,905,918,924,931,938,944,950,956,978-979,981,1000,1010,1042,1055,1067,1073,1089,1102,1108,1115,1157,1175,1181,1202,1208,1225,1264,1271,1313,1344,1375,1403,1414,1433,1440,1446,1576,1596,1603,1609,1680,1686,1692,1698,1704,1714,1720,1726,1733,1740,1746,1752,1758,1764,1770,1776,1782,1788,1794,1799,1801,1803,1923,1929,1935,1943-1945,1947,1954,1961,1967,1973,1979,1985,1994,1996,1998,2067,2085,2093,2108-2109,2132,2138,2150,2176,2182,2488-2493,2501-2506,2727,2745,2751,2766,2775,2786,2824,2833,2841,2863,2889,2895,2907,2913,2920,2926,2932,2944,2957,2969,2994,3016,3026,3038,3044,3051,3058,3064,3070,3076,3082,3088,3094,3101,3112,3118,3143,3154,3165,3174,3366,3391,3397,3403,3409,3415,3421,3427,3433,3439,3445,3451,3457,3463,3469,3475,3481,3487,3493,3499,3505,3525,3531,3583,3589,3594,3596,3598,3664,3683,3701,3718,3725,3731,3751,3757,3850,3856,3862,3868,3980,3989,3995,4011,4017,4137,4149,4155,4177,4183,4215,4222,4230,4236,4254,4260,4266,4272,4285,4297,4303,4309,4316,4322,4328,4334,4340,4346,4352,4358,4376,4382,4388,4394,4400,4412,4418,4424,4431,4438,4444,4491,5027-5030,5108-5111,5157-5162,5707-5711,5906-5907,5935-5936,6215-6219,6414-6415,6436-6437,6503-6505,8139-8140,8687-8688,11227-11231,11765-11766,12189-12192,13091,13898-13899,14365-14385,14584-14590,14922-14924,15166-15172,15174-15175,15982-15986,16352-16363,16468-16469,16481-16486,16906-16912,16914-16915
types/generated-snapshot/index.ts
  s_66767b9e401d0e::t_dca07baccb5115 19,26,32,38,88,96,102,108,114,120,126,132,138,144,150,168,174,180,193,221-227,415,674-677,827-828,849,856,862,868,905,911,924,930,937,944,950,956,962,987,1006,1016,1048,1061,1073,1079,1095,1108,1114,1121,1163,1181,1187,1208,1214,1231,1270,1277,1319,1350,1381,1409,1420,1439,1446,1452,1582,1602,1609,1615,1686,1692,1698,1704,1710,1720,1726,1732,1739,1746,1752,1758,1764,1770,1776,1782,1788,1794,1800,1805,1807,1809,1929,1935,1941,1949-1951,1953,1960,1967,1973,1979,1985,1991,2000,2002,2004,2073,2091,2099,2139,2145,2157,2183,2189,2495-2500,2508-2513,2734,2752,2758,2773,2782,2793,2831,2840,2848,2870,2896,2902,2914,2920,2927,2933,2939,2951,2964,2976,3001,3023,3033,3045,3051,3058,3065,3071,3077,3083,3089,3095,3101,3108,3119,3125,3150,3161,3172,3184,3376,3401,3407,3413,3419,3425,3431,3437,3443,3449,3455,3461,3467,3473,3479,3485,3491,3497,3503,3509,3515,3535,3541,3593,3599,3604,3606,3608,3674,3693,3711,3728,3735,3741,3761,3767,3860,3866,3872,3878,3990,3999,4005,4021,4027,4147,4159,4165,4187,4193,4225,4232,4240,4246,4264,4270,4276,4282,4295,4307,4313,4319,4326,4332,4338,4344,4350,4356,4362,4368,4386,4392,4398,4404,4410,4422,4428,4434,4441,4448,4454,4501,5038-5041,5119-5122,5168-5173,5718-5722,5917-5918,5928-5929,5948-5949,6228-6232,6427-6428,6450-6451,6517-6519,8153-8154,8701-8702,11241-11245,11781-11782,12205-12208,12831-12833,13110,13921-13927,13929-13930,14392-14412,14611-14617,14900-14902,15144-15150,15152-15153,15950-15954,16320-16331,16436-16437,16449-16454,16865-16871,16873-16874
---
{
  "schema_version": "authorship/3.0.0",
  "git_ai_version": "1.6.10",
  "base_commit_sha": "3fd75eed5f2bbe6c5793b6c952879927ed399057",
  "prompts": {},
  "sessions": {
    "s_66767b9e401d0e": {
      "agent_id": {
        "tool": "opencode",
        "id": "ses_0dcbb83c4ffeQ8K1jA4PhRRlgt",
        "model": "@cf/moonshotai/kimi-k2.6"
      },
      "human_author": "Diretnan Domnan <diretnan@cloudflare.com>"
    }
  }
}